1111111110111101
0000001001010011
1111110001111111
1111111011001100
0000001100111111
0000000100101100
1111111101000111
1111110110111111
0000000001110010
1111111011101111
1111111101000001
0000000010101111
1111111111111101
1111111101100100
0000001010000010
1111111001111011
1111111110111101
0000001001010011
1111110001111111
1111111011001100
0000001100111111
0000000100101100
1111111101000111
1111110110111111
0000000001110010
1111111011101111
1111111101000001
0000000010101111
1111111111111101
1111111101100100
0000001010000010
1111111001111011
