0000000000000111
0000000000010000
0000000010011101
0000000001000110
1111110100000010
1111110001010111
0000001101000111
0000000010001011
0000001101110001
1111111110000111
1111111110100101
1111110011110010
0000000111101110
0000000000000001
1111111010001100
0000000001010011
0000000000000111
0000000000010000
0000000010011101
0000000001000110
1111110100000010
1111110001010111
0000001101000111
0000000010001011
0000001101110001
1111111110000111
1111111110100101
1111110011110010
0000000111101110
0000000000000001
1111111010001100
0000000001010011
